Fetch_Date,Unique_ID,Company_Name,Owned_Recruiting_Count,Owned_Active_Not_Recruiting_Count,Owned_Active_Pipeline_Count,Owned_Suspended_Count,Owned_Terminated_Count,Owned_Operational_Risk_Count,Owned_Completed_Count,Owned_Withdrawn_Count,Owned_Other_Status_Count,Owned_Phase_I_Count_Exclusive,Owned_Phase_II_Count_Exclusive,Owned_Phase_III_Count_Exclusive,Owned_Phase_Mixed_Count,Owned_Phase_Other_NA_Count,Owned_Phase_I_Count_Inclusive,Owned_Phase_II_Count_Inclusive,Owned_Phase_III_Count_Inclusive,Owned_Phase_IV_Count_Inclusive,Owned_Phase_Weighted_Score,Owned_Trials_In_Surfaced_Statuses,Owned_All_Trials,Participated_Recruiting_Count,Participated_Active_Not_Recruiting_Count,Participated_Active_Pipeline_Count,Participated_Suspended_Count,Participated_Terminated_Count,Participated_Operational_Risk_Count,Participated_Completed_Count,Participated_Withdrawn_Count,Participated_Other_Status_Count,Participated_Phase_I_Count_Exclusive,Participated_Phase_II_Count_Exclusive,Participated_Phase_III_Count_Exclusive,Participated_Phase_Mixed_Count,Participated_Phase_Other_NA_Count,Participated_Phase_I_Count_Inclusive,Participated_Phase_II_Count_Inclusive,Participated_Phase_III_Count_Inclusive,Participated_Phase_IV_Count_Inclusive,Participated_Phase_Weighted_Score,Participated_Trials_In_Surfaced_Statuses,Participated_All_Trials,Matched_High_Confidence_Trials,Matched_Medium_Confidence_Trials,Matched_Low_Confidence_Trials,Expected_Zero,Generated_At_UTC,Owned_Active_Phase_I_Count,Owned_Active_Phase_II_Count,Owned_Active_Phase_III_Count,Owned_Active_Phase_Mixed_Count,Owned_Active_Phase_Other_NA_Count,Participated_Active_Phase_III_Count,Owned_OpRisk_Phase_I_Count,Owned_OpRisk_Phase_II_Count,Owned_OpRisk_Phase_III_Count,Owned_OpRisk_Phase_Mixed_Count,Owned_OpRisk_Phase_Other_NA_Count,Owned_Active_Phase_Weighted_Score
2026-05-24,CMP-001,"Ono Pharmaceutical Co., Ltd.",21,26,47,0,8,8,63,1,1,48,32,26,9,5,54,41,29,1,434,55,120,23,37,60,0,10,10,130,2,5,65,46,57,18,21,78,64,62,3,829,70,207,190,24,0,False,2026-05-22T23:40:34.363940Z,17,16,9,3,2,16,6,1,0,1,0,161
2026-05-24,CMP-002,Eli Lilly & Co.,119,106,225,0,129,129,1671,24,31,776,467,532,75,230,832,542,551,172,7723,354,2080,186,153,339,0,207,207,2166,46,89,864,690,662,134,497,957,824,703,280,9986,546,2847,2827,31,0,False,2026-05-22T23:40:34.363940Z,62,45,95,10,13,100,42,42,28,12,5,1171
2026-05-24,CMP-003,Johnson & Johnson,102,119,221,0,224,224,2173,67,62,729,388,626,62,942,769,450,648,226,8365,445,2747,196,204,400,0,297,297,2730,106,188,806,647,752,123,1393,893,770,788,340,10657,697,3721,3648,196,0,False,2026-05-22T23:40:34.363940Z,42,33,76,19,51,93,38,60,54,7,65,963
2026-05-24,CMP-004,Abbvie,125,115,240,2,111,113,686,40,75,262,198,303,67,324,304,265,328,58,4120,353,1154,176,156,332,4,130,134,800,47,104,301,274,326,94,422,369,368,352,94,4675,466,1417,1928,114,0,False,2026-05-22T23:40:34.363940Z,57,44,61,18,60,69,42,33,19,5,14,867
2026-05-24,CMP-005,Roche,200,224,424,4,415,419,2738,109,85,845,1106,701,238,885,1050,1344,734,288,11781,843,3775,237,256,493,4,472,476,2985,117,148,877,1263,776,276,1027,1099,1539,830,333,13194,969,4219,2600,1624,0,False,2026-05-22T23:40:34.363940Z,79,146,93,51,55,102,60,164,69,48,78,1565
2026-05-24,CMP-006,AstraZeneca,269,245,514,7,242,249,2740,67,60,1014,503,817,95,1201,1088,598,838,197,10967,763,3630,406,381,787,11,378,389,3362,126,249,1164,950,941,196,1662,1311,1146,990,361,14012,1176,4913,4708,340,0,False,2026-05-22T23:40:34.363940Z,67,77,172,49,149,199,86,57,47,8,51,2124
2026-05-24,CMP-007,Novartis AG,187,136,323,1,422,423,2817,109,83,572,873,1112,187,1011,714,1060,1157,544,14865,746,3755,267,211,478,4,664,668,3598,181,225,803,1357,1230,330,1430,1067,1687,1296,721,18098,1146,5150,2042,3132,0,False,2026-05-22T23:40:34.363940Z,33,64,85,31,110,102,86,156,92,29,60,1145
2026-05-24,CMP-008,Merck & Co,123,95,218,1,308,309,1686,48,18,666,499,741,99,274,738,598,768,110,9879,527,2279,336,306,642,4,536,540,2793,145,254,933,1121,903,313,1104,1204,1434,945,410,14120,1182,4374,159,4215,0,False,2026-05-22T23:40:34.363940Z,33,47,95,41,2,131,75,102,72,18,42,1226
2026-05-24,CMP-009,Novo Nordisk,51,28,79,0,42,42,1185,18,37,451,106,352,1,451,452,107,352,104,4291,121,1361,79,37,116,0,62,62,1372,25,75,458,136,381,5,670,459,141,385,175,4702,178,1650,1650,0,0,False,2026-05-22T23:40:34.363940Z,24,9,35,0,11,38,11,7,16,0,8,401
2026-05-24,CMP-010,Amgen Inc.,51,50,101,1,116,117,789,16,24,267,246,301,49,184,311,295,306,83,4133,218,1047,91,83,174,2,184,186,1088,43,92,326,468,354,104,331,416,572,368,121,5534,360,1583,1568,23,0,False,2026-05-22T23:40:34.363940Z,27,12,47,6,9,55,45,31,21,7,13,545
2026-05-24,CMP-011,Gilead Sciences,23,40,63,0,118,118,467,16,18,130,216,192,54,90,166,270,210,36,2878,181,682,83,70,153,0,160,160,744,36,92,164,302,239,90,390,223,392,270,147,3764,313,1185,1185,0,0,False,2026-05-22T23:40:34.363940Z,13,18,20,9,3,29,23,39,28,18,10,309
2026-05-24,CMP-012,Pfizer,142,128,270,1,467,468,2505,107,57,1128,660,627,123,869,1202,783,676,218,9820,738,3407,257,196,453,3,641,644,3487,148,230,1306,1065,802,222,1567,1446,1287,884,446,13293,1097,4962,4868,258,0,False,2026-05-22T23:40:34.363940Z,48,53,61,27,81,82,117,135,106,30,80,907
2026-05-24,CMP-013,Bristol Myers Squibb,146,142,288,1,201,202,1396,85,91,617,447,336,195,467,784,642,364,60,5820,490,2062,237,272,509,4,373,377,2124,141,196,832,968,466,334,747,1124,1302,508,156,9232,886,3347,3499,533,0,False,2026-05-22T23:40:34.363940Z,40,49,76,46,77,87,67,63,21,37,14,1087
2026-05-24,CMP-014,Vertex Pharmaceuticals,17,12,29,0,18,18,188,2,9,71,61,79,17,18,82,78,85,6,1102,47,246,17,12,29,0,21,21,220,5,11,79,71,86,19,31,91,90,93,7,1218,50,286,0,292,0,False,2026-05-22T23:40:34.363940Z,4,4,12,7,2,12,0,9,5,2,2,158
2026-05-24,CMP-015,Sanofi,94,90,184,0,234,234,1811,34,51,323,472,746,127,646,430,599,766,398,9533,418,2314,143,127,270,0,338,338,2286,69,126,402,726,879,171,911,539,897,913,480,11848,608,3089,3314,28,0,False,2026-05-22T23:40:34.363940Z,8,44,55,14,63,65,26,65,76,26,41,722
2026-05-24,CMP-016,Regeneron Pharmaceuticals,64,34,98,0,43,43,204,12,31,113,91,87,40,57,142,131,98,11,1380,141,388,139,66,205,1,63,64,415,25,56,163,187,179,61,175,207,248,196,73,2704,269,765,765,0,0,False,2026-05-22T23:40:34.363940Z,12,21,30,22,13,42,11,16,8,5,3,427
2026-05-24,CMP-017,Remegen,25,4,29,0,4,4,28,1,16,14,30,16,18,0,28,48,20,0,316,33,78,29,5,34,0,4,4,28,1,25,15,39,17,18,3,29,57,21,1,354,38,92,0,92,0,False,2026-05-22T23:40:34.363940Z,4,10,6,9,0,7,0,3,1,0,0,124
2026-05-24,CMP-018,Merck KGaA,0,0,0,0,26,26,62,3,0,17,27,24,6,17,19,33,28,9,366,26,91,3,4,7,0,40,40,91,6,2,22,43,27,14,40,30,57,33,18,473,47,146,146,0,0,False,2026-05-22T23:40:34.363940Z,0,0,0,0,0,1,7,10,4,2,3,0
2026-05-24,CMP-019,Takeda Pharmaceutical,82,54,136,0,172,172,1109,63,43,317,296,386,106,418,404,402,405,96,5353,308,1523,107,77,184,0,210,210,1243,76,79,352,346,424,122,548,455,468,443,140,5950,394,1792,2242,13,0,False,2026-05-22T23:40:34.363940Z,2,21,45,9,59,49,38,50,51,19,14,541
2026-05-24,CMP-020,Bayer,44,34,78,0,99,99,1444,27,23,347,234,316,27,747,368,261,322,110,4287,177,1671,84,72,156,3,192,195,1912,49,84,432,465,402,69,1028,489,534,414,192,6033,351,2396,2360,36,0,False,2026-05-22T23:40:34.363940Z,12,7,10,5,44,26,27,33,17,3,19,143
2026-05-24,CMP-021,"Otsuka Holdings Co., Ltd.",42,28,70,0,87,87,595,12,35,176,165,261,51,146,204,216,284,81,3475,157,799,42,28,70,0,87,87,595,12,35,176,165,261,51,146,204,216,284,81,3475,157,799,545,266,0,False,2026-05-22T23:40:34.363940Z,16,11,19,13,11,19,22,24,25,2,14,281
2026-05-24,CMP-022,Zoetis Inc.,0,0,0,0,0,0,0,0,0,0,0,0,0,0,0,0,0,0,0,0,0,0,0,0,0,0,0,0,0,0,0,0,0,0,0,0,0,0,0,0,0,0,0,0,0,True,2026-05-22T23:40:34.363940Z,0,0,0,0,0,0,0,0,0,0,0,0
2026-05-24,CMP-023,BeOne Medicines,36,28,64,0,15,15,91,3,2,74,44,34,20,3,93,64,35,1,590,79,175,70,38,108,0,19,19,96,8,21,84,95,38,30,5,113,125,39,1,813,127,252,251,1,0,False,2026-05-22T23:40:34.363940Z,26,9,17,10,2,20,8,2,4,1,0,247
2026-05-24,CMP-024,Daiichi Sankyo,33,28,61,0,34,34,282,4,5,120,86,81,25,74,140,111,86,26,1258,95,386,92,58,150,0,43,43,364,6,17,137,134,119,50,140,179,184,127,45,1861,193,580,472,108,0,False,2026-05-22T23:40:34.363940Z,18,10,18,8,7,37,15,10,4,5,0,252
2026-05-24,CMP-025,Biogen,20,15,35,0,90,90,353,20,8,165,91,92,16,142,178,107,95,42,1402,125,506,32,19,51,0,109,109,462,24,22,176,126,110,27,229,198,153,115,62,1728,160,668,668,3,0,False,2026-05-22T23:40:34.363940Z,5,3,12,1,14,15,17,23,26,5,19,140
2026-05-24,CMP-026,Astellas Pharma,33,24,57,0,87,87,831,16,17,320,202,202,41,243,352,243,211,129,3064,144,1008,51,38,89,0,107,107,945,24,38,341,263,220,53,326,380,316,234,156,3492,196,1203,1212,12,0,False,2026-05-22T23:40:34.363940Z,13,7,14,8,15,19,21,28,8,8,22,194
2026-05-24,CMP-027,Chugai Pharmaceutical,5,2,7,0,4,4,48,0,3,19,6,23,2,12,21,8,23,1,271,11,62,13,13,26,0,9,9,74,0,3,21,13,55,4,19,24,17,56,3,622,35,112,111,1,0,False,2026-05-22T23:40:34.363940Z,6,1,0,0,0,15,3,1,0,0,0,9
2026-05-24,CMP-028,"Moderna, Inc.",12,18,30,0,5,5,72,4,0,25,17,18,28,23,48,45,23,4,332,35,111,20,24,44,0,8,8,81,4,2,34,21,23,32,29,60,53,29,5,415,52,139,138,1,0,False,2026-05-22T23:40:34.363940Z,6,5,3,10,6,7,0,1,1,2,1,71
2026-05-24,CMP-029,CSL Limited,15,6,21,0,18,18,117,4,12,25,29,56,12,50,30,41,63,19,724,39,172,21,7,28,0,24,24,164,8,19,29,46,62,17,89,37,63,71,27,857,52,243,280,6,0,False,2026-05-22T23:40:34.363940Z,0,5,6,1,9,6,4,2,7,2,3,81
2026-05-24,CMP-030,Haleon plc,6,0,6,0,0,0,47,0,0,8,0,3,0,42,8,0,3,6,38,6,53,11,0,11,0,0,0,49,0,0,8,0,5,0,47,8,0,5,6,58,11,60,0,60,0,False,2026-05-22T23:40:34.363940Z,0,0,1,0,5,1,0,0,0,0,0,10
2026-05-24,CMP-031,Alnylam Pharmaceuticals,19,3,22,0,10,10,43,1,6,23,19,15,10,15,33,29,15,0,250,32,82,21,3,24,0,10,10,49,3,7,26,23,15,11,18,37,34,15,0,267,34,93,93,0,0,False,2026-05-22T23:40:34.363940Z,6,3,4,3,6,4,3,2,0,3,2,61
2026-05-24,CMP-032,Sun Pharmaceutical Industries,6,6,12,0,10,10,109,6,0,49,28,39,7,14,51,35,44,12,557,22,137,11,7,18,0,11,11,118,7,2,49,33,39,8,27,52,41,44,23,574,29,156,0,156,0,False,2026-05-22T23:40:34.363940Z,1,1,6,2,2,6,1,6,2,0,1,76
2026-05-24,CMP-033,United Therapeutics Corporation,4,3,7,0,19,19,42,12,3,13,14,26,8,22,16,22,31,13,351,26,83,9,6,15,0,23,23,59,15,5,19,27,26,10,35,23,37,32,16,404,38,117,117,0,0,False,2026-05-22T23:40:34.363940Z,0,0,1,2,4,1,2,3,6,2,6,14
2026-05-24,CMP-034,GlaxoSmithKline,88,91,179,2,271,273,3465,121,75,1205,879,959,79,991,1269,958,974,391,13650,452,4113,154,134,288,4,396,400,4164,158,191,1340,1137,1076,195,1453,1492,1332,1119,577,16073,688,5201,5200,91,0,False,2026-05-22T23:40:34.363940Z,36,38,53,25,27,60,89,90,44,10,40,738
2026-05-24,CMP-035,Lonza,0,0,0,0,0,0,1,0,0,0,0,0,0,1,0,0,0,0,0,0,1,0,0,0,0,0,0,8,0,0,0,1,0,0,7,0,1,0,0,3,0,8,0,8,0,False,2026-05-22T23:40:34.363940Z,0,0,0,0,0,0,0,0,0,0,0,0
2026-05-24,CMP-036,LabCorp,0,0,0,0,0,0,1,0,0,0,0,0,0,1,0,0,0,0,0,0,1,4,3,7,0,2,2,12,4,1,5,3,6,3,9,8,6,6,2,80,9,26,10,16,0,False,2026-05-22T23:40:34.363940Z,0,0,0,0,0,3,0,0,0,0,0,0
2026-05-24,CMP-037,BioNTech,21,10,31,0,6,6,32,2,0,14,14,13,28,2,35,42,20,1,270,37,71,34,17,51,0,11,11,38,3,1,22,21,18,41,2,54,62,27,1,383,62,104,0,104,0,False,2026-05-22T23:40:34.363940Z,5,7,8,11,0,13,0,0,0,6,0,136
2026-05-24,CMP-038,Abbott Laboratories,0,0,0,0,29,29,318,7,7,54,60,125,12,110,56,72,135,35,1548,29,361,36,19,55,0,67,67,557,17,81,64,90,165,31,427,74,121,186,134,2130,122,777,777,0,0,False,2026-05-22T23:40:34.363940Z,0,0,0,0,0,1,5,11,5,1,7,0
2026-05-24,CMP-039,CVS Health Corporation,0,0,0,0,0,0,0,0,0,0,0,0,0,0,0,0,0,0,0,0,0,0,1,1,0,0,0,1,0,0,0,0,0,0,2,0,0,0,0,0,1,2,2,0,0,False,2026-05-22T23:40:34.363940Z,0,0,0,0,0,0,0,0,0,0,0,0
2026-05-24,CMP-040,Neurocrine Biosciences,14,5,19,0,9,9,54,2,5,21,37,23,0,8,21,37,23,4,362,28,89,15,5,20,0,9,9,56,4,6,23,39,23,0,10,23,39,23,5,370,29,95,92,7,0,False,2026-05-22T23:40:34.363940Z,0,5,13,0,1,13,1,6,2,0,0,145
2026-05-24,CMP-041,Incyte Corporation,35,22,57,0,64,64,138,10,12,77,92,58,36,18,111,128,60,1,1013,121,281,97,46,143,0,85,85,185,20,23,117,176,71,67,25,180,243,75,3,1505,228,456,455,1,0,False,2026-05-22T23:40:34.363940Z,15,14,21,4,3,22,14,21,8,20,1,275
2026-05-24,CMP-042,Viatris Inc.,1,1,2,0,0,0,0,0,3,2,1,0,0,2,2,1,0,1,5,2,5,4,2,6,0,0,0,2,0,5,2,1,3,0,7,2,1,3,3,35,6,13,12,1,0,False,2026-05-22T23:40:34.363940Z,0,1,0,0,1,0,0,0,0,0,0,3
2026-05-24,CMP-043,Royalty Pharma plc,0,0,0,0,0,0,0,0,0,0,0,0,0,0,0,0,0,0,0,0,0,0,0,0,0,0,0,0,0,0,0,0,0,0,0,0,0,0,0,0,0,0,0,0,0,True,2026-05-22T23:40:34.363940Z,0,0,0,0,0,0,0,0,0,0,0,0
2026-05-24,CMP-044,Summit Therapeutics Inc.,3,1,4,0,2,2,5,0,0,2,3,6,0,0,2,3,6,0,71,6,11,22,2,24,0,2,2,5,0,3,2,21,7,4,0,6,25,7,0,143,26,34,34,0,0,False,2026-05-22T23:40:34.363940Z,0,0,4,0,0,5,0,1,1,0,0,40
2026-05-24,CMP-045,Jazz Pharmaceuticals plc,16,3,19,0,29,29,133,11,11,29,61,68,12,33,37,73,72,9,932,48,203,36,14,50,0,38,38,159,19,23,47,95,74,26,47,65,121,82,15,1156,88,289,286,11,0,False,2026-05-22T23:40:34.363940Z,5,4,4,1,5,7,4,12,9,2,2,59
2026-05-24,CMP-046,Revolution Medicines,10,2,12,0,1,1,3,0,2,5,2,4,6,1,11,8,4,0,63,13,18,11,2,13,0,3,3,3,0,2,6,2,4,8,1,14,10,4,0,68,16,21,0,22,0,False,2026-05-22T23:40:34.363940Z,3,0,4,5,0,4,0,1,0,0,0,53
2026-05-24,CMP-047,Cytiva,0,0,0,0,0,0,0,0,0,0,0,0,0,0,0,0,0,0,0,0,0,0,0,0,0,0,0,0,0,0,0,0,0,0,0,0,0,0,0,0,0,0,0,0,0,True,2026-05-22T23:40:34.363940Z,0,0,0,0,0,0,0,0,0,0,0,0
2026-05-24,CMP-048,BioMarin Pharmaceutical,16,15,31,0,19,19,59,1,14,7,29,30,15,43,21,44,31,4,428,50,124,20,16,36,0,25,25,95,5,20,13,34,31,18,85,28,52,34,7,473,61,181,222,0,0,False,2026-05-22T23:40:34.363940Z,1,6,8,5,11,9,1,7,2,4,5,113
2026-05-24,CMP-049,Elanco Animal Health Incorporated,0,0,0,0,0,0,0,0,0,0,0,0,0,0,0,0,0,0,0,0,0,0,0,0,0,0,0,0,0,0,0,0,0,0,0,0,0,0,0,0,0,0,0,0,0,True,2026-05-22T23:40:34.363940Z,0,0,0,0,0,0,0,0,0,0,0,0
2026-05-24,CMP-050,Insmed,1,2,3,0,2,2,35,1,4,14,12,11,6,2,17,18,14,0,184,5,45,2,2,4,0,3,3,37,1,4,14,14,12,6,3,17,20,15,0,200,7,49,0,49,0,False,2026-05-22T23:40:34.363940Z,0,1,1,1,0,1,0,2,0,0,0,19
